kickoff/netlogo/complete/Antelope Island.asc
ncols        200
nrows        200
xllcorner    438000.000000000000
yllcorner    4574000.000000000000
cellsize     10.000000000000
[rows 180 to 199 of 200, columns 44 to 87 of 200]
1515.7093505859375 1515.5487060546875 1516.0953369140625 1517.0853271484375 1518.561767578125 1520.4503173828125 1521.8651123046875 1524.6864013671875 1528.3575439453125 1532.30712890625 1536.0438232421875 1539.248779296875 1542.475830078125 1545.310791015625 1548.2840576171875 1551.2431640625 1553.83349609375 1556.6826171875 1561.4368896484375 1565.962158203125 1569.2281494140625 1573.57861328125 1577.37060546875 1582.187255859375 1586.4781494140625 1590.8050537109375 1593.374755859375 1596.4112548828125 1600.4923095703125 1605.3795166015625 1610.794677734375 1616.4847412109375 1622.7860107421875 1629.28857421875 1634.8265380859375 1639.6783447265625 1643.249755859375 1646.3992919921875 1649.08740234375 1651.360595703125 1654.526123046875 1658.28662109375 1671.411865234375 1680.2286376953125
1517.192626953125 1518.712646484375 1520.1029052734375 1520.5570068359375 1521.6099853515625 1522.960693359375 1524.6568603515625 1526.4912109375 1526.574951171875 1528.75341796875 1532.8431396484375 1537.0604248046875 1541.2047119140625 1545.034912109375 1548.4451904296875 1551.2283935546875 1553.8797607421875 1556.76220703125 1560.9366455078125 1565.2237548828125 1567.807373046875 1571.599609375 1576.3458251953125 1580.753173828125 1584.982666015625 1589.3299560546875 1592.2547607421875 1593.9256591796875 1598.881103515625 1603.279296875 1608.192626953125 1613.6527099609375 1619.798583984375 1625.973876953125 1630.788818359375 1635.152099609375 1638.8294677734375 1641.626953125 1643.1385498046875 1646.1600341796875 1649.45068359375 1653.790283203125 1666.210205078125 1668.5146484375
1515.0771484375 1516.8133544921875 1518.819091796875 1520.6695556640625 1522.55859375 1524.5006103515625 1526.83642578125 1529.2760009765625 1531.634521484375 1531.9320068359375 1531.008544921875 1533.4249267578125 1537.7540283203125 1542.4605712890625 1546.7032470703125 1550.1014404296875 1552.951171875 1556.0135498046875 1559.4542236328125 1563.322021484375 1566.391357421875 1570.341552734375 1574.9013671875 1578.4669189453125 1582.6749267578125 1586.358154296875 1590.82080078125 1593.5150146484375 1597.050537109375 1601.03564453125 1605.200439453125 1610.4581298828125 1616.731201171875 1623.207763671875 1626.6865234375 1630.2880859375 1633.0491943359375 1635.1712646484375 1638.065673828125 1641.181396484375 1646.02099609375 1651.883056640625 1658.5770263671875 1665.166015625
1514.024658203125 1516.13525390625 1518.165283203125 1520.231201171875 1522.29931640625 1524.6986083984375 1527.4765625 1530.1693115234375 1532.6800537109375 1534.9400634765625 1536.1927490234375 1536.3555908203125 1534.888427734375 1538.2724609375 1544.0323486328125 1547.4678955078125 1550.0509033203125 1552.994140625 1557.1810302734375 1561.3431396484375 1564.7249755859375 1567.2921142578125 1572.15283203125 1575.857666015625 1579.600341796875 1583.7476806640625 1589.1453857421875 1592.321044921875 1595.1929931640625 1598.4769287109375 1602.43017578125 1607.0894775390625 1612.7388916015625 1618.1634521484375 1622.49072265625 1625.077392578125 1627.8526611328125 1630.12890625 1633.6419677734375 1638.078857421875 1643.6580810546875 1649.023193359375 1655.034912109375 1659.9830322265625
1513.96484375 1516.105224609375 1518.1253662109375 1520.174560546875 1522.3880615234375 1524.898681640625 1527.5860595703125 1530.2587890625 1532.8951416015625 1535.1910400390625 1537.4727783203125 1539.6922607421875 1540.3756103515625 1540.122802734375 1542.052734375 1544.0985107421875 1547.7181396484375 1550.5323486328125 1553.8658447265625 1558.0137939453125 1562.105712890625 1566.14990234375 1569.1529541015625 1572.79296875 1575.6405029296875 1580.1129150390625 1586.640380859375 1590.911865234375 1593.3709716796875 1596.730712890625 1600.2305908203125 1603.4637451171875 1608.5245361328125 1613.085693359375 1617.539794921875 1620.1240234375 1623.0181884765625 1626.04345703125 1630.290771484375 1635.2039794921875 1640.971435546875 1645.88720703125 1652.720703125 1657.2528076171875
1513.954833984375 1516.057373046875 1518.2156982421875 1520.2576904296875 1522.3690185546875 1524.6932373046875 1527.1539306640625 1529.59423828125 1532.02490234375 1534.846923828125 1537.6099853515625 1540.220947265625 1542.68603515625 1545.8494873046875 1547.3345947265625 1548.36865234375 1551.7669677734375 1554.3565673828125 1555.567626953125 1556.3824462890625 1560.2474365234375 1563.8868408203125 1567.589599609375 1570.2613525390625 1573.3475341796875 1577.7630615234375 1583.5677490234375 1589.6441650390625 1592.536376953125 1595.34375 1598.304443359375 1601.3447265625 1604.8114013671875 1608.281005859375 1612.21875 1615.2867431640625 1618.686767578125 1623.2705078125 1628.6240234375 1633.4041748046875 1637.791748046875 1641.9525146484375 1646.7664794921875 1651.87890625
1513.1529541015625 1515.61669921875 1517.898193359375 1519.893798828125 1521.94775390625 1523.7640380859375 1526.158935546875 1528.64111328125 1531.446533203125 1534.3360595703125 1537.10107421875 1540.021484375 1542.7230224609375 1546.6409912109375 1549.1812744140625 1551.7547607421875 1554.78271484375 1557.6661376953125 1559.6112060546875 1559.4688720703125 1559.960205078125 1563.0113525390625 1565.896240234375 1569.19140625 1573.0904541015625 1576.9541015625 1582.5650634765625 1588.031005859375 1591.244384765625 1593.793212890625 1595.9906005859375 1598.1094970703125 1600.4918212890625 1603.6656494140625 1607.537841796875 1611.7657470703125 1616.7889404296875 1621.642822265625 1626.2706298828125 1630.66552734375 1634.5841064453125 1638.293701171875 1642.408447265625 1646.2857666015625
1513.333740234375 1515.262451171875 1517.62744140625 1519.781494140625 1522.22607421875 1524.4200439453125 1526.576904296875 1528.5653076171875 1530.09716796875 1532.8997802734375 1535.7596435546875 1538.3367919921875 1541.455078125 1545.4803466796875 1548.83447265625 1551.781982421875 1555.0606689453125 1558.195556640625 1561.0638427734375 1562.719482421875 1563.9849853515625 1564.3126220703125 1565.1292724609375 1568.171875 1572.026123046875 1576.1700439453125 1580.1573486328125 1583.7666015625 1587.2032470703125 1589.6470947265625 1591.811279296875 1593.5537109375 1596.72705078125 1599.357177734375 1602.712646484375 1607.626220703125 1613.5286865234375 1618.9332275390625 1623.1043701171875 1626.952880859375 1630.669189453125 1633.679931640625 1637.0325927734375 1641.7537841796875
1514.2056884765625 1516.705322265625 1518.5897216796875 1520.8125 1522.8856201171875 1524.97607421875 1527.6324462890625 1530.46044921875 1533.0003662109375 1535.1375732421875 1537.4141845703125 1539.692138671875 1542.6180419921875 1545.259521484375 1546.96044921875 1550.4193115234375 1554.42919921875 1557.61962890625 1560.6649169921875 1563.34912109375 1565.4073486328125 1566.9451904296875 1568.411865234375 1568.4945068359375 1569.8597412109375 1573.0042724609375 1576.0184326171875 1579.523681640625 1582.4901123046875 1585.727783203125 1588.4140625 1590.618408203125 1593.013916015625 1595.1400146484375 1598.5484619140625 1603.297119140625 1609.174560546875 1614.7706298828125 1617.9798583984375 1622.28271484375 1625.7767333984375 1628.793701171875 1632.7999267578125 1635.8714599609375
1515.6256103515625 1517.311279296875 1519.5185546875 1521.7105712890625 1523.948486328125 1526.219482421875 1528.4603271484375 1531.33251953125 1535.0361328125 1538.001953125 1540.537353515625 1542.8062744140625 1546.5667724609375 1548.93994140625 1550.15234375 1552.267822265625 1553.185791015625 1556.387451171875 1559.73388671875 1562.9586181640625 1565.9049072265625 1568.074462890625 1570.17041015625 1572.0037841796875 1573.2655029296875 1574.9029541015625 1575.9185791015625 1578.870849609375 1581.13720703125 1583.4371337890625 1586.58349609375 1589.31494140625 1593.7962646484375 1599.3995361328125 1604.1378173828125 1604.843017578125 1605.3328857421875 1609.1531982421875 1613.1239013671875 1616.9581298828125 1620.6334228515625 1624.2060546875 1627.94580078125 1630.732666015625
1517.9058837890625 1519.6275634765625 1522.159423828125 1524.630859375 1526.9918212890625 1530.199462890625 1531.8162841796875 1532.7987060546875 1535.5107421875 1538.5146484375 1541.4931640625 1544.7806396484375 1548.05322265625 1550.4324951171875 1552.8826904296875 1555.1368408203125 1557.1737060546875 1558.1649169921875 1559.552490234375 1562.90771484375 1566.9925537109375 1569.0159912109375 1571.850830078125 1575.038818359375 1576.5157470703125 1578.378173828125 1580.328125 1582.2633056640625 1584.997802734375 1588.314453125 1591.8568115234375 1595.0565185546875 1598.6964111328125 1603.4222412109375 1607.3756103515625 1610.060302734375 1610.315673828125 1611.46728515625 1613.7607421875 1615.953369140625 1617.86865234375 1620.7784423828125 1624.0438232421875 1627.9075927734375
1521.142333984375 1523.2445068359375 1525.8642578125 1528.47119140625 1531.127197265625 1533.744140625 1535.5498046875 1536.46240234375 1537.9835205078125 1540.668701171875 1543.1207275390625 1546.9285888671875 1549.1434326171875 1551.216796875 1553.4757080078125 1556.282958984375 1559.469970703125 1561.5958251953125 1563.3924560546875 1565.329345703125 1567.590087890625 1569.9296875 1572.110595703125 1574.2703857421875 1577.1712646484375 1580.977783203125 1584.7301025390625 1587.4676513671875 1590.1219482421875 1592.7159423828125 1595.9451904296875 1599.1934814453125 1601.8720703125 1604.274169921875 1606.865478515625 1609.800048828125 1612.887451171875 1615.8563232421875 1619.20751953125 1622.279296875 1624.6275634765625 1626.779052734375 1630.347412109375 1633.955810546875
1524.1197509765625 1527.38330078125 1529.015625 1531.447265625 1534.4356689453125 1536.25048828125 1537.9365234375 1538.9486083984375 1540.738525390625 1542.9365234375 1546.4617919921875 1548.4967041015625 1549.8211669921875 1552.000732421875 1554.6361083984375 1556.666748046875 1559.0760498046875 1562.1484375 1565.017578125 1567.5274658203125 1569.667236328125 1571.623046875 1573.03466796875 1574.3642578125 1576.9512939453125 1581.712646484375 1586.6822509765625 1590.82177734375 1593.771240234375 1596.13916015625 1598.1595458984375 1600.302001953125 1602.3238525390625 1604.9959716796875 1608.0565185546875 1610.994384765625 1613.95556640625 1617.4173583984375 1621.1529541015625 1625.159423828125 1629.0831298828125 1633.08154296875 1636.990234375 1640.759521484375
1533.634521484375 1531.5345458984375 1532.746826171875 1534.7125244140625 1536.7181396484375 1538.4461669921875 1540.282470703125 1541.825439453125 1544.5386962890625 1547.2152099609375 1548.799560546875 1550.381103515625 1552.58251953125 1555.1806640625 1557.695556640625 1559.964111328125 1561.8594970703125 1564.1181640625 1566.3267822265625 1568.608154296875 1572.4058837890625 1574.1993408203125 1575.454833984375 1576.48095703125 1579.4664306640625 1581.9141845703125 1587.390380859375 1592.259765625 1594.798828125 1597.0733642578125 1599.185791015625 1601.4285888671875 1603.52001953125 1606.8853759765625 1609.7894287109375 1613.207763671875 1615.954833984375 1619.800048828125 1623.9552001953125 1628.14794921875 1632.760498046875 1636.9119873046875 1641.1868896484375 1645.4061279296875
1530.152099609375 1532.5008544921875 1534.12744140625 1536.067626953125 1538.1868896484375 1540.546630859375 1543.183837890625 1545.1689453125 1547.1768798828125 1548.707763671875 1550.5367431640625 1552.727294921875 1555.354248046875 1558.6875 1561.4522705078125 1563.8603515625 1566.5701904296875 1568.288818359375 1569.3494873046875 1571.547119140625 1574.7921142578125 1577.322509765625 1579.1416015625 1580.735107421875 1582.989990234375 1586.7381591796875 1589.6502685546875 1593.4068603515625 1595.29345703125 1597.748046875 1600.4788818359375 1602.742919921875 1604.8651123046875 1607.0311279296875 1610.308349609375 1613.7371826171875 1616.88232421875 1620.6165771484375 1626.0247802734375 1631.343505859375 1636.309326171875 1641.1121826171875 1645.96630859375 1650.082275390625
1529.4764404296875 1531.4796142578125 1534.5262451171875 1537.1534423828125 1539.297119140625 1543.467041015625 1545.6064453125 1547.40869140625 1548.369384765625 1550.2469482421875 1553.0771484375 1555.92041015625 1558.6971435546875 1563.25439453125 1565.806396484375 1568.788330078125 1571.176025390625 1572.64794921875 1573.811279296875 1575.705322265625 1578.5626220703125 1581.1485595703125 1583.465087890625 1585.423583984375 1587.9444580078125 1591.0872802734375 1592.57666015625 1594.6925048828125 1596.7867431640625 1598.9349365234375 1600.73876953125 1602.9625244140625 1605.7342529296875 1609.263671875 1613.412353515625 1617.412109375 1620.8966064453125 1623.44140625 1627.2335205078125 1633.0372314453125 1639.1539306640625 1644.8914794921875 1649.629638671875 1654.760498046875
1529.3944091796875 1531.55224609375 1535.14990234375 1538.578369140625 1541.65966796875 1545.026123046875 1546.8553466796875 1548.0364990234375 1549.680908203125 1553.214111328125 1555.8060302734375 1559.044189453125 1563.2578125 1566.84814453125 1570.492919921875 1573.6722412109375 1576.2860107421875 1578.5272216796875 1579.545166015625 1581.390625 1583.071044921875 1585.3411865234375 1588.162109375 1589.9473876953125 1591.572021484375 1593.3446044921875 1595.363037109375 1597.410888671875 1598.9000244140625 1601.6640625 1603.3470458984375 1605.5050048828125 1609.7744140625 1614.103759765625 1618.1480712890625 1622.05224609375 1625.58935546875 1628.825439453125 1630.456298828125 1634.6876220703125 1641.2164306640625 1647.8302001953125 1653.22900390625 1658.7012939453125
1529.26171875 1531.9808349609375 1536.2568359375 1540.0008544921875 1542.806640625 1545.7572021484375 1547.5673828125 1549.3040771484375 1553.591796875 1556.9461669921875 1560.470703125 1564.6732177734375 1568.6328125 1572.16650390625 1575.3387451171875 1578.6143798828125 1581.886474609375 1584.2012939453125 1586.7459716796875 1587.7471923828125 1588.7166748046875 1591.107421875 1593.5526123046875 1594.9453125 1595.4224853515625 1597.68701171875 1599.6534423828125 1602.677978515625 1604.9027099609375 1606.2802734375 1608.1611328125 1610.314697265625 1614.8831787109375 1619.81494140625 1623.78466796875 1627.8089599609375 1630.520263671875 1633.230712890625 1635.936767578125 1637.882568359375 1643.1597900390625 1649.7845458984375 1655.6064453125 1661.6953125
1530.98681640625 1533.19482421875 1537.1080322265625 1540.8297119140625 1543.958251953125 1547.683837890625 1549.79150390625 1553.1400146484375 1557.7734375 1562.49560546875 1565.3502197265625 1581.6644287109375 1573.5340576171875 1578.2099609375 1581.501220703125 1584.2861328125 1587.243408203125 1589.1588134765625 1590.2945556640625 1592.64990234375 1595.2498779296875 1597.833740234375 1600.495361328125 1600.24853515625 1600.9344482421875 1603.28662109375 1605.9404296875 1608.3892822265625 1610.5218505859375 1612.0667724609375 1613.9949951171875 1616.85400390625 1622.0919189453125 1626.5093994140625 1629.77001953125 1633.702880859375 1636.199951171875 1637.93408203125 1640.9488525390625 1643.986572265625 1646.354248046875 1650.865478515625 1657.0037841796875 1663.9307861328125
1528.49658203125 1532.2117919921875 1536.98193359375 1541.120361328125 1544.68896484375 1548.65576171875 1551.9033203125 1557.40234375 1561.345703125 1565.8843994140625 1572.46435546875 1584.0179443359375 1585.1650390625 1583.8919677734375 1586.9979248046875 1588.9189453125 1590.203125 1591.582763671875 1594.3895263671875 1597.552490234375 1600.239013671875 1602.9925537109375 1605.834228515625 1606.5809326171875 1611.191162109375 1609.077880859375 1611.8173828125 1614.9627685546875 1617.1485595703125 1617.849853515625 1620.354248046875 1622.80078125 1629.937255859375 1635.047607421875 1636.73681640625 1639.2706298828125 1641.4638671875 1643.187744140625 1645.8709716796875 1649.4012451171875 1652.3446044921875 1655.5052490234375 1659.635498046875 1665.152099609375
