kickoff/netlogo/complete/Antelope Island.asc
ncols        200
nrows        200
xllcorner    438000.000000000000
yllcorner    4574000.000000000000
cellsize     10.000000000000
[rows 40 to 59 of 200, columns 132 to 175 of 200]
1537.812255859375 1539.3797607421875 1542.5064697265625 1545.6175537109375 1549.57861328125 1553.724853515625 1557.8375244140625 1562.0498046875 1566.273681640625 1570.5003662109375 1574.0859375 1577.335205078125 1580.6436767578125 1585.473388671875 1588.4375 1591.81298828125 1595.942138671875 1600.3023681640625 1605.16064453125 1609.78515625 1619.0484619140625 1622.5223388671875 1628.323486328125 1635.779541015625 1641.7744140625 1644.3040771484375 1645.9906005859375 1648.4281005859375 1650.29296875 1653.8763427734375 1658.442626953125 1662.7987060546875 1666.039306640625 1669.185302734375 1672.4393310546875 1675.8104248046875 1679.1497802734375 1682.493408203125 1685.8294677734375 1689.1790771484375 1692.4056396484375 1695.27587890625 1697.7064208984375 1700.3631591796875
1532.4361572265625 1533.96484375 1535.9287109375 1540.5526123046875 1545.7666015625 1550.3828125 1555.7708740234375 1559.9912109375 1564.1192626953125 1568.2255859375 1572.3349609375 1576.4180908203125 1580.0977783203125 1583.635986328125 1587.108154296875 1590.263916015625 1593.347900390625 1597.5460205078125 1601.439453125 1606.4061279296875 1612.1239013671875 1617.2081298828125 1622.036376953125 1626.4122314453125 1632.256591796875 1636.5999755859375 1640.6829833984375 1642.6029052734375 1645.33203125 1649.743408203125 1655.565185546875 1660.076171875 1662.907470703125 1666.0118408203125 1669.6116943359375 1673.5908203125 1677.73046875 1682.35302734375 1686.685302734375 1690.632568359375 1694.296142578125 1697.7969970703125 1701.2657470703125 1703.7845458984375
1526.949462890625 1532.0025634765625 1537.933349609375 1543.85546875 1548.885498046875 1553.81640625 1557.6148681640625 1558.7791748046875 1562.5087890625 1566.4859619140625 1570.948974609375 1575.130126953125 1578.7220458984375 1582.1478271484375 1585.8436279296875 1589.2379150390625 1592.0091552734375 1594.5062255859375 1598.8897705078125 1603.6561279296875 1608.2044677734375 1612.6475830078125 1616.60302734375 1620.878662109375 1625.4024658203125 1629.7410888671875 1633.73876953125 1636.5693359375 1641.3416748046875 1647.0087890625 1651.982421875 1655.638671875 1658.8297119140625 1662.340576171875 1667.31201171875 1672.3719482421875 1677.5462646484375 1682.3004150390625 1687.32763671875 1691.6383056640625 1696.168212890625 1699.96875 1703.5289306640625 1706.581298828125
1529.5626220703125 1533.42236328125 1539.5291748046875 1545.2755126953125 1550.561767578125 1555.91455078125 1560.8328857421875 1561.6298828125 1562.330078125 1565.556884765625 1569.5599365234375 1573.561279296875 1577.1798095703125 1581.0003662109375 1585.029541015625 1588.7178955078125 1592.03759765625 1594.6302490234375 1597.5107421875 1600.764404296875 1604.6661376953125 1608.3699951171875 1612.3350830078125 1616.423095703125 1620.426025390625 1624.6051025390625 1628.6885986328125 1632.897705078125 1637.4041748046875 1642.06787109375 1646.497802734375 1652.5654296875 1658.47509765625 1663.611328125 1668.56298828125 1673.998291015625 1679.2933349609375 1684.3837890625 1688.9434814453125 1693.3702392578125 1697.8408203125 1702.1439208984375 1705.72998046875 1708.66943359375
1531.0662841796875 1536.329833984375 1541.5841064453125 1546.992431640625 1551.8017578125 1555.7547607421875 1559.8525390625 1563.20751953125 1565.087158203125 1566.1700439453125 1568.6707763671875 1572.3900146484375 1576.024658203125 1580.1473388671875 1584.63427734375 1588.56396484375 1592.0345458984375 1594.9803466796875 1597.8243408203125 1600.6265869140625 1603.7374267578125 1606.5540771484375 1609.8702392578125 1613.5821533203125 1617.4139404296875 1621.61083984375 1624.745849609375 1627.5977783203125 1633.4693603515625 1640.634033203125 1647.209228515625 1653.933837890625 1660.0133056640625 1665.4630126953125 1670.9620361328125 1676.2005615234375 1681.669921875 1686.822265625 1691.7440185546875 1696.0340576171875 1700.0843505859375 1704.292236328125 1707.899658203125 1711.3519287109375
1532.0228271484375 1537.06787109375 1542.18505859375 1547.4559326171875 1552.0919189453125 1556.8687744140625 1561.2666015625 1564.550048828125 1566.6871337890625 1568.8177490234375 1570.3043212890625 1571.408203125 1575.142822265625 1579.3421630859375 1584.09814453125 1588.2174072265625 1590.9798583984375 1593.5660400390625 1596.889404296875 1599.6297607421875 1603.435546875 1606.4737548828125 1609.6978759765625 1612.9552001953125 1615.9375 1620.0706787109375 1624.253173828125 1629.2999267578125 1635.260009765625 1641.3084716796875 1647.6168212890625 1654.1900634765625 1660.544677734375 1666.6678466796875 1672.515380859375 1678.19189453125 1683.6636962890625 1689.0457763671875 1694.119384765625 1698.6348876953125 1702.8377685546875 1706.7264404296875 1710.3154296875 1714.036865234375
1531.2135009765625 1536.056884765625 1541.0948486328125 1546.357666015625 1551.0972900390625 1555.837890625 1560.4298095703125 1564.2998046875 1567.6492919921875 1570.5152587890625 1572.9884033203125 1574.9197998046875 1577.65966796875 1581.1378173828125 1584.947265625 1588.461669921875 1591.9149169921875 1595.0145263671875 1598.1767578125 1601.0089111328125 1603.9674072265625 1607.16162109375 1610.329833984375 1613.6639404296875 1617.28662109375 1620.9049072265625 1625.064697265625 1629.3475341796875 1634.7261962890625 1640.5047607421875 1647.107421875 1653.922119140625 1660.3363037109375 1666.8060302734375 1672.957763671875 1678.9810791015625 1685.06591796875 1690.9315185546875 1696.2677001953125 1700.96826171875 1705.5223388671875 1709.3905029296875 1713.0732421875 1716.2088623046875
1528.64990234375 1533.4354248046875 1538.21728515625 1543.52978515625 1548.822021484375 1554.1871337890625 1559.2254638671875 1563.3814697265625 1567.4295654296875 1571.1673583984375 1574.45751953125 1577.4423828125 1580.3458251953125 1583.60595703125 1586.8326416015625 1589.5592041015625 1592.650146484375 1595.251708984375 1597.858154296875 1600.5836181640625 1603.6875 1607.1455078125 1610.9385986328125 1614.9520263671875 1619.023193359375 1622.9154052734375 1627.482666015625 1632.0303955078125 1636.4566650390625 1640.694091796875 1646.99365234375 1653.3497314453125 1659.77734375 1666.131591796875 1672.3118896484375 1678.79150390625 1685.3026123046875 1691.738037109375 1697.8463134765625 1703.3231201171875 1708.078369140625 1712.6485595703125 1716.1524658203125 1718.490478515625
1531.3443603515625 1535.6982421875 1539.8238525390625 1544.2440185546875 1548.3133544921875 1553.5626220703125 1557.4801025390625 1561.773681640625 1566.244873046875 1570.3485107421875 1573.9678955078125 1577.3331298828125 1580.6729736328125 1583.79931640625 1586.748779296875 1589.7899169921875 1593.4639892578125 1595.478271484375 1597.932861328125 1600.5479736328125 1603.5955810546875 1607.028076171875 1611.22021484375 1616.04736328125 1621.257568359375 1626.2139892578125 1631.2503662109375 1636.63720703125 1641.4169921875 1645.1776123046875 1649.7655029296875 1655.756103515625 1662.2015380859375 1668.624755859375 1674.794677734375 1680.4599609375 1686.659912109375 1693.0711669921875 1699.61279296875 1705.6866455078125 1710.6884765625 1715.565673828125 1718.47119140625 1720.7305908203125
1534.0113525390625 1539.08447265625 1543.7640380859375 1547.4912109375 1551.784912109375 1554.7799072265625 1557.0982666015625 1559.9571533203125 1565.01025390625 1568.890869140625 1572.6380615234375 1576.1868896484375 1579.375732421875 1583.0443115234375 1586.6651611328125 1590.000732421875 1593.0621337890625 1595.9949951171875 1598.932373046875 1601.6275634765625 1604.3524169921875 1607.638427734375 1612.5765380859375 1618.201904296875 1624.0338134765625 1629.693359375 1634.7044677734375 1640.1287841796875 1646.2216796875 1651.0972900390625 1654.829345703125 1659.6646728515625 1665.65380859375 1671.7369384765625 1677.9349365234375 1684.1351318359375 1690.2996826171875 1695.8980712890625 1702.288330078125 1708.2208251953125 1713.071533203125 1717.1082763671875 1720.216064453125 1722.6453857421875
1536.8594970703125 1542.1871337890625 1547.058837890625 1549.7486572265625 1553.4659423828125 1556.1029052734375 1558.72607421875 1562.5235595703125 1564.8974609375 1567.8668212890625 1571.538330078125 1575.3013916015625 1579.160888671875 1583.469970703125 1587.4676513671875 1590.811767578125 1593.94287109375 1597.2685546875 1600.55615234375 1603.538818359375 1606.6729736328125 1610.108642578125 1615.25927734375 1621.2109375 1627.2783203125 1633.33203125 1638.90869140625 1644.1085205078125 1649.5467529296875 1655.717041015625 1660.8275146484375 1664.5419921875 1669.649658203125 1675.642822265625 1682.0079345703125 1688.4285888671875 1694.374755859375 1700.598876953125 1706.1441650390625 1710.8668212890625 1714.904541015625 1718.51708984375 1721.5633544921875 1724.12890625
1539.41943359375 1545.644287109375 1549.107666015625 1552.1929931640625 1555.3939208984375 1558.4000244140625 1562.3060302734375 1565.4232177734375 1567.8702392578125 1570.0323486328125 1571.9554443359375 1575.4754638671875 1579.7763671875 1584.1756591796875 1588.6109619140625 1591.7381591796875 1595.0889892578125 1598.63134765625 1602.31494140625 1605.75146484375 1609.201171875 1612.9853515625 1617.898193359375 1623.825439453125 1630.0911865234375 1636.4146728515625 1642.668701171875 1648.6519775390625 1653.714111328125 1658.93603515625 1664.9190673828125 1670.6749267578125 1675.7943115234375 1680.1197509765625 1686.222900390625 1692.9862060546875 1698.846435546875 1704.2857666015625 1709.43798828125 1714.1741943359375 1716.755859375 1719.826171875 1722.740234375 1725.4366455078125
1543.74658203125 1548.8040771484375 1552.3515625 1554.98291015625 1558.015869140625 1561.383056640625 1565.0455322265625 1568.114990234375 1570.5673828125 1572.7236328125 1575.1060791015625 1577.8228759765625 1580.0164794921875 1585.30029296875 1589.46533203125 1592.61181640625 1595.9583740234375 1599.521240234375 1603.411865234375 1607.3551025390625 1611.3839111328125 1615.547119140625 1620.144287109375 1625.707763671875 1631.9219970703125 1638.41064453125 1645 1651.726806640625 1658.0433349609375 1663.9063720703125 1669.090087890625 1679.12646484375 1684.972900390625 1686.4569091796875 1691.0828857421875 1697.234130859375 1703.0364990234375 1707.9749755859375 1712.743896484375 1715.40966796875 1718.3050537109375 1721.006591796875 1723.640380859375 1726.2669677734375
1549.36474609375 1553.6790771484375 1557.3729248046875 1559.1046142578125 1562.2138671875 1566.0811767578125 1569.0789794921875 1571.2056884765625 1573.774169921875 1575.62939453125 1577.7291259765625 1581.1165771484375 1584.4271240234375 1587.125244140625 1590.584716796875 1593.8128662109375 1596.8411865234375 1600.283935546875 1604.0648193359375 1608.114990234375 1612.421875 1616.9290771484375 1621.7906494140625 1627.1597900390625 1633.049560546875 1639.2882080078125 1645.78564453125 1652.653076171875 1659.7943115234375 1666.6585693359375 1675.537841796875 1683.92578125 1690.073974609375 1694.1990966796875 1697.015869140625 1701.4453125 1706.22021484375 1709.5880126953125 1712.9892578125 1716.119873046875 1718.8466796875 1721.3536376953125 1724.0479736328125 1726.6009521484375
1552.6995849609375 1557.651123046875 1562.09326171875 1565.9407958984375 1567.697998046875 1570.7171630859375 1573.930419921875 1577.0439453125 1579.3333740234375 1580.3896484375 1581.4635009765625 1584.9366455078125 1588.223876953125 1590.55712890625 1591.8802490234375 1594.88134765625 1597.9031982421875 1600.9505615234375 1604.4359130859375 1608.4486083984375 1612.91748046875 1617.9405517578125 1623.194580078125 1628.7933349609375 1634.5732421875 1640.4803466796875 1646.890625 1653.761962890625 1660.871826171875 1670.09912109375 1679.7056884765625 1687.1256103515625 1692.26123046875 1696.2763671875 1700.3358154296875 1704.3743896484375 1707.5130615234375 1710.6588134765625 1713.147216796875 1715.9969482421875 1718.74951171875 1721.3802490234375 1724.134765625 1726.8297119140625
1556.5372314453125 1561.9981689453125 1567.675537109375 1570.5250244140625 1573.0478515625 1576.187744140625 1579.8006591796875 1582.8345947265625 1585.4803466796875 1585.804443359375 1586.5457763671875 1588.416259765625 1590.39990234375 1592.5775146484375 1594.8470458984375 1595.961669921875 1599.146484375 1601.7613525390625 1605.1507568359375 1609.8653564453125 1615.092529296875 1620.4798583984375 1626.151611328125 1632.2020263671875 1637.6788330078125 1642.9801025390625 1649.0775146484375 1655.734130859375 1663.2520751953125 1676.20068359375 1681.7996826171875 1687.826904296875 1693.761474609375 1697.4906005859375 1700.980224609375 1704.94580078125 1707.6217041015625 1710.0758056640625 1712.48828125 1715.0758056640625 1717.95458984375 1721.0262451171875 1724.084716796875 1726.8792724609375
1559.4586181640625 1566.103271484375 1571.641845703125 1575.8643798828125 1579.6417236328125 1582.313232421875 1585.021484375 1587.8629150390625 1590.1160888671875 1590.1209716796875 1589.9552001953125 1590.6573486328125 1591.881103515625 1593.9749755859375 1596.6121826171875 1599.030517578125 1600.163818359375 1603.5135498046875 1607.25439453125 1612.4205322265625 1618.115234375 1624.070068359375 1630.106201171875 1637.1165771484375 1642.3165283203125 1647.2122802734375 1651.9908447265625 1657.9071044921875 1665.1646728515625 1676.4481201171875 1682.5145263671875 1688.41650390625 1693.59814453125 1697.9029541015625 1701.7413330078125 1705.07666015625 1707.4874267578125 1708.9351806640625 1711.101318359375 1713.725341796875 1716.943603515625 1720.4217529296875 1723.7327880859375 1726.69384765625
1562.2506103515625 1568.2880859375 1574.8968505859375 1579.4893798828125 1584.2735595703125 1586.8017578125 1588.2899169921875 1590.03271484375 1591.9813232421875 1594.26806640625 1594.41943359375 1596.080810546875 1597.298095703125 1598.3521728515625 1599.6707763671875 1601.34423828125 1603.6552734375 1604.7508544921875 1608.7410888671875 1614.2547607421875 1620.4056396484375 1626.8878173828125 1633.4268798828125 1639.76953125 1646.2557373046875 1651.7242431640625 1656.9310302734375 1661.971435546875 1669.592041015625 1677.5330810546875 1683.06103515625 1688.453857421875 1693.982421875 1697.3636474609375 1700.7918701171875 1704.833251953125 1705.6778564453125 1707.163330078125 1709.4493408203125 1712.5733642578125 1716.083251953125 1719.81005859375 1723.365478515625 1726.3709716796875
1562.541748046875 1569.6580810546875 1575.939453125 1582.029296875 1586.7613525390625 1588.7672119140625 1593.1925048828125 1593.1407470703125 1595.44775390625 1599.743896484375 1601.906494140625 1602.3809814453125 1603.5582275390625 1604.2906494140625 1605.381591796875 1606.5548095703125 1608.5655517578125 1610.3795166015625 1610.581298828125 1613.942138671875 1620.6605224609375 1627.859130859375 1635.3121337890625 1641.4404296875 1647.196044921875 1652.74755859375 1658.486328125 1664.4954833984375 1671.228759765625 1676.1171875 1682.6751708984375 1687.956787109375 1693.720703125 1696.535888671875 1699.2247314453125 1702.0555419921875 1703.1544189453125 1705.2374267578125 1708.48388671875 1711.9346923828125 1715.7861328125 1719.5582275390625 1723.2203369140625 1726.2833251953125
1564.7684326171875 1570.797119140625 1577.25634765625 1583.664794921875 1587.98486328125 1590.8089599609375 1593.010498046875 1596.064208984375 1600.52978515625 1605.1480712890625 1608.06103515625 1609.65625 1609.8271484375 1611.2481689453125 1612.1185302734375 1613.4117431640625 1615.823974609375 1617.4224853515625 1618.069580078125 1618.292236328125 1620.014404296875 1625.3043212890625 1632.8165283203125 1640.025634765625 1646.210693359375 1652.1650390625 1657.9891357421875 1663.8067626953125 1668.7752685546875 1675.3411865234375 1679.1405029296875 1684.3804931640625 1691.7822265625 1694.500732421875 1696.668701171875 1699.2044677734375 1702.25048828125 1705.8843994140625 1709.5211181640625 1713.224609375 1716.905029296875 1720.529052734375 1723.7686767578125 1726.452880859375
