kickoff/netlogo/complete/Antelope Island.asc
ncols        200
nrows        200
xllcorner    438000.000000000000
yllcorner    4574000.000000000000
cellsize     10.000000000000
[rows 100 to 119 of 200, columns 132 to 175 of 200]
1666.19775390625 1670.43017578125 1673.319091796875 1674.3936767578125 1673.0372314453125 1671.473876953125 1669.148193359375 1667.0040283203125 1666.4766845703125 1667.5257568359375 1669.3985595703125 1671.88037109375 1674.2491455078125 1676.047119140625 1677.4024658203125 1678.016845703125 1679.08740234375 1681.7113037109375 1686.0584716796875 1690.3897705078125 1694.1434326171875 1697.7200927734375 1701.3973388671875 1704.7847900390625 1707.68017578125 1710.3701171875 1712.67333984375 1714.31494140625 1716.002685546875 1717.3817138671875 1718.7437744140625 1720.13134765625 1721.4832763671875 1723.177001953125 1723.9644775390625 1724.8226318359375 1726.43896484375 1728.713134765625 1730.1871337890625 1731.5035400390625 1732.8212890625 1734.4842529296875 1736.287109375 1737.5670166015625
1665.40869140625 1670.6796875 1674.2265625 1677.060302734375 1675.8369140625 1674.368896484375 1672.22265625 1670.444580078125 1669.7637939453125 1670.5352783203125 1672.156982421875 1674.671630859375 1676.8502197265625 1678.741943359375 1680.265869140625 1681.123779296875 1681.5479736328125 1682.1278076171875 1684.368408203125 1688.74267578125 1693.2083740234375 1697.93359375 1701.9259033203125 1705.4208984375 1708.9454345703125 1712.279052734375 1715.17529296875 1717.80810546875 1720.0009765625 1721.849853515625 1723.320556640625 1724.8177490234375 1726.0706787109375 1727.3673095703125 1729.013671875 1730.2821044921875 1731.5909423828125 1733.0478515625 1734.3880615234375 1735.482177734375 1736.478515625 1737.66943359375 1738.8739013671875 1739.439208984375
1663.5885009765625 1670.3865966796875 1674.1812744140625 1677.3514404296875 1678.8787841796875 1677.051513671875 1675.1453857421875 1673.89013671875 1673.3902587890625 1673.6121826171875 1674.89306640625 1677.3111572265625 1679.373779296875 1681.255126953125 1682.9124755859375 1684.144775390625 1684.724853515625 1684.9654541015625 1685.241943359375 1687.2528076171875 1691.7149658203125 1697.3399658203125 1702.066650390625 1706.251220703125 1709.9163818359375 1713.4217529296875 1716.850341796875 1719.9818115234375 1722.719970703125 1725.2642822265625 1727.43603515625 1729.1348876953125 1730.608154296875 1731.76904296875 1733.43212890625 1734.84326171875 1736.1455078125 1737.4864501953125 1738.71484375 1739.66357421875 1740.4197998046875 1741.3421630859375 1742.099609375 1742.151123046875
1662.834228515625 1668.1383056640625 1674.135986328125 1677.5029296875 1680.1761474609375 1680.135986328125 1678.001220703125 1676.90625 1676.6378173828125 1677.0008544921875 1678.114013671875 1679.8514404296875 1681.801513671875 1683.7509765625 1685.4749755859375 1686.82177734375 1688.079345703125 1688.7716064453125 1688.5318603515625 1689.28564453125 1691.437744140625 1697.2047119140625 1702.3251953125 1706.7847900390625 1711.0618896484375 1714.865966796875 1718.2906494140625 1721.4747314453125 1724.660400390625 1727.67919921875 1730.3663330078125 1732.697509765625 1734.7435302734375 1736.286376953125 1737.927001953125 1739.406005859375 1740.624267578125 1741.869140625 1742.948974609375 1743.8907470703125 1744.731689453125 1745.28369140625 1745.4974365234375 1745.3424072265625
1661.517578125 1667.8494873046875 1673.5244140625 1677.9033203125 1681.0692138671875 1681.804443359375 1681.161376953125 1680.1705322265625 1680.14111328125 1680.9698486328125 1681.9228515625 1683.171630859375 1684.70458984375 1686.1739501953125 1687.9639892578125 1689.66162109375 1691.20751953125 1692.203857421875 1692.2470703125 1693.275146484375 1693.6478271484375 1697.176513671875 1702.5091552734375 1707.558349609375 1712.1300048828125 1715.905029296875 1719.6732177734375 1723.0517578125 1726.290283203125 1729.6015625 1732.5582275390625 1735.3271484375 1737.7618408203125 1739.85400390625 1741.903564453125 1743.622314453125 1744.9407958984375 1746.312744140625 1747.34716796875 1748.052490234375 1748.761962890625 1749.0677490234375 1748.9744873046875 1748.791748046875
1659.758056640625 1667.140625 1672.7421875 1677.6009521484375 1681.36474609375 1683.1785888671875 1683.5751953125 1683.6395263671875 1683.938232421875 1684.776123046875 1685.666748046875 1686.3626708984375 1687.552978515625 1688.870849609375 1690.5389404296875 1692.242431640625 1694.0401611328125 1695.6734619140625 1696.0699462890625 1696.69287109375 1697.107666015625 1697.8546142578125 1703.2435302734375 1708.3507080078125 1713.0732421875 1717.1192626953125 1720.737548828125 1724.145263671875 1727.6795654296875 1731.0946044921875 1734.249267578125 1737.2020263671875 1740.00146484375 1742.290283203125 1744.9967041015625 1747.19384765625 1748.99072265625 1750.539794921875 1751.83642578125 1752.5943603515625 1753.0272216796875 1753.1824951171875 1752.811767578125 1752.244873046875
1657.9273681640625 1664.784912109375 1670.977783203125 1676.8056640625 1681.736083984375 1684.379638671875 1685.64111328125 1686.5599365234375 1687.0125732421875 1688.02685546875 1689.020263671875 1689.9337158203125 1690.52880859375 1691.5167236328125 1693.368408203125 1695.24169921875 1697.256103515625 1698.993408203125 1699.8927001953125 1700.0234375 1700.0899658203125 1699.712890625 1703.904296875 1709.181884765625 1713.6873779296875 1717.8173828125 1721.3922119140625 1724.9888916015625 1728.69287109375 1732.3717041015625 1735.71826171875 1738.7945556640625 1741.7130126953125 1744.5889892578125 1747.642578125 1750.1788330078125 1752.508544921875 1754.423583984375 1755.885009765625 1756.9736328125 1757.445068359375 1757.355712890625 1756.731201171875 1755.1444091796875
1655.9609375 1663.30615234375 1669.191162109375 1676.05517578125 1681.881103515625 1685.2593994140625 1687.2845458984375 1688.6131591796875 1689.680908203125 1690.67919921875 1692.0250244140625 1693.0733642578125 1693.763671875 1694.689208984375 1696.6651611328125 1698.42138671875 1700.0443115234375 1701.8448486328125 1703.4080810546875 1702.955810546875 1702.7760009765625 1703.5611572265625 1704.75048828125 1709.4989013671875 1714.188720703125 1718.094970703125 1721.739013671875 1725.5179443359375 1729.364990234375 1733.1727294921875 1736.6431884765625 1740.023681640625 1743.33984375 1746.653076171875 1749.7672119140625 1752.68798828125 1755.4146728515625 1757.6929931640625 1759.5726318359375 1760.939453125 1761.5732421875 1761.389892578125 1760.444580078125 1757.9853515625
1653.5301513671875 1660.6798095703125 1668.6737060546875 1674.82421875 1681.246826171875 1685.7811279296875 1688.117919921875 1690.3299560546875 1691.8577880859375 1693.33154296875 1694.97705078125 1696.543212890625 1697.320556640625 1698.3428955078125 1699.7271728515625 1701.5787353515625 1703.301513671875 1704.5924072265625 1705.9879150390625 1705.716552734375 1705.458740234375 1706.4559326171875 1707.388916015625 1711.043212890625 1714.65673828125 1718.375732421875 1722.0159912109375 1725.7742919921875 1729.72265625 1733.6280517578125 1737.3699951171875 1741.078125 1744.5751953125 1748.049560546875 1751.49658203125 1754.837646484375 1757.931640625 1760.56396484375 1762.811767578125 1764.4051513671875 1765.350830078125 1765.2403564453125 1764.2327880859375 1761.3111572265625
1651.843505859375 1658.734619140625 1665.9215087890625 1674.58935546875 1681.126220703125 1685.0296630859375 1688.1669921875 1690.8404541015625 1693.297607421875 1695.4697265625 1697.40380859375 1699.0531005859375 1700.519775390625 1701.4940185546875 1702.83642578125 1704.706787109375 1706.4010009765625 1707.3936767578125 1708.3126220703125 1708.4630126953125 1708.9342041015625 1709.9703369140625 1710.540283203125 1712.3897705078125 1715.4884033203125 1719.3359375 1723.094482421875 1726.8798828125 1730.813232421875 1734.522705078125 1738.0966796875 1741.8017578125 1745.5084228515625 1749.4835205078125 1753.13671875 1756.62939453125 1760.1063232421875 1762.97900390625 1765.5220947265625 1767.44580078125 1768.55322265625 1768.820556640625 1767.79638671875 1764.49853515625
1650.0595703125 1656.8809814453125 1665.4080810546875 1670.6480712890625 1677.6864013671875 1682.8614501953125 1687.5037841796875 1691.3638916015625 1694.9449462890625 1696.9580078125 1699.16455078125 1701.1849365234375 1703.1395263671875 1704.52783203125 1706.17431640625 1707.8033447265625 1708.9923095703125 1710.1153564453125 1711.0369873046875 1711.2108154296875 1712.0145263671875 1712.435546875 1713.1331787109375 1714.678466796875 1716.596923828125 1719.84814453125 1724.0052490234375 1727.9610595703125 1731.736083984375 1735.6051025390625 1739.2979736328125 1743.1177978515625 1747.1883544921875 1750.830810546875 1754.6304931640625 1758.360595703125 1761.8604736328125 1765.072509765625 1767.8935546875 1770.0555419921875 1771.6563720703125 1772.1812744140625 1771.1162109375 1767.56884765625
1648.428955078125 1655.9639892578125 1663.0924072265625 1669.4766845703125 1675.10400390625 1681.9766845703125 1687.6492919921875 1692.4608154296875 1694.563720703125 1697.4215087890625 1700.2969970703125 1702.81591796875 1705.0069580078125 1706.9296875 1708.718017578125 1710.1717529296875 1711.4674072265625 1712.7860107421875 1713.968505859375 1714.556884765625 1714.5333251953125 1715.05322265625 1715.748291015625 1717.022705078125 1718.4852294921875 1720.339599609375 1724.068115234375 1728.4749755859375 1732.5059814453125 1736.431640625 1740.2869873046875 1744.3658447265625 1748.23876953125 1752.2642822265625 1756.078369140625 1759.9910888671875 1763.56884765625 1766.9178466796875 1769.798583984375 1772.2838134765625 1774.2615966796875 1775.113525390625 1774.1851806640625 1770.6822509765625
1648.0244140625 1654.8602294921875 1661.10107421875 1667.0445556640625 1673.5245361328125 1681.254638671875 1686.066650390625 1689.7415771484375 1693.025390625 1697.072998046875 1700.919189453125 1704.168701171875 1706.61328125 1708.7977294921875 1710.7335205078125 1712.3253173828125 1713.6575927734375 1714.7728271484375 1716.1004638671875 1716.70458984375 1716.5831298828125 1717.2459716796875 1718.3135986328125 1719.45751953125 1720.9049072265625 1721.8154296875 1724.135498046875 1728.8316650390625 1733.04736328125 1736.9420166015625 1741.21728515625 1745.510986328125 1749.506103515625 1753.4359130859375 1757.3876953125 1761.3638916015625 1765.158447265625 1768.4969482421875 1771.4718017578125 1774.313720703125 1776.62841796875 1777.6756591796875 1777.0650634765625 1773.8555908203125
1652.0670166015625 1655.438232421875 1660.011962890625 1664.643798828125 1670.05859375 1677.28564453125 1682.69482421875 1687.3333740234375 1691.3551025390625 1696.2059326171875 1700.5633544921875 1704.4197998046875 1707.5113525390625 1710.18505859375 1712.4813232421875 1714.126708984375 1715.501953125 1716.54296875 1717.4412841796875 1718.237060546875 1718.24658203125 1718.9844970703125 1720.7496337890625 1722.557373046875 1723.503662109375 1724.3170166015625 1725.2882080078125 1728.5279541015625 1733.214599609375 1737.3878173828125 1741.855712890625 1746.2860107421875 1750.3514404296875 1754.490234375 1758.5640869140625 1762.530029296875 1766.44091796875 1769.8387451171875 1773.1075439453125 1775.8411865234375 1778.607421875 1779.94384765625 1779.71923828125 1776.8057861328125
1656.81787109375 1661.4168701171875 1665.9063720703125 1670.855224609375 1675.930419921875 1681.498779296875 1685.75537109375 1688.0123291015625 1689.3504638671875 1694.85400390625 1699.82861328125 1703.8946533203125 1707.80859375 1710.942626953125 1713.61083984375 1715.626220703125 1717.116943359375 1718.473876953125 1719.1815185546875 1719.8367919921875 1720.802001953125 1721.174560546875 1723.065185546875 1725.4302978515625 1726.248779296875 1726.4097900390625 1726.982421875 1728.7347412109375 1732.5621337890625 1737.3621826171875 1742.27783203125 1746.9112548828125 1751.0078125 1755.331787109375 1759.4674072265625 1763.5054931640625 1767.4486083984375 1771.0313720703125 1774.443115234375 1777.4703369140625 1780.13623046875 1781.8465576171875 1782.140380859375 1779.8863525390625
1661.12646484375 1665.7333984375 1671.023193359375 1676.228515625 1681.294921875 1686.6318359375 1690.7686767578125 1693.2562255859375 1693.5068359375 1695.0328369140625 1697.9542236328125 1703.004150390625 1707.033203125 1711.01220703125 1713.8118896484375 1716.5570068359375 1718.8780517578125 1720.30615234375 1721.4072265625 1721.798828125 1722.51123046875 1724.5367431640625 1725.982421875 1728.17041015625 1729.1727294921875 1729.3277587890625 1729.9190673828125 1731.73779296875 1733.595703125 1736.9154052734375 1742.333984375 1747.3294677734375 1751.5797119140625 1755.977783203125 1760.273193359375 1764.3826904296875 1768.384521484375 1772.0479736328125 1775.4893798828125 1778.651123046875 1781.3408203125 1783.4814453125 1784.318115234375 1783.133544921875
1664.603271484375 1669.456298828125 1675.21728515625 1681.043701171875 1686.520263671875 1691.462646484375 1695.5767822265625 1698.7164306640625 1700.046630859375 1697.8377685546875 1698.30859375 1701.7447509765625 1705.9835205078125 1709.97607421875 1713.7215576171875 1717.0224609375 1719.920166015625 1721.710693359375 1723.5885009765625 1724.5701904296875 1725.24609375 1727.5167236328125 1729.2994384765625 1730.8433837890625 1731.56787109375 1731.9178466796875 1733.353271484375 1735.398681640625 1736.6331787109375 1738.25048828125 1742.3619384765625 1747.7359619140625 1752.2518310546875 1756.6929931640625 1760.9547119140625 1765.152587890625 1769.076171875 1772.85400390625 1776.4400634765625 1779.6627197265625 1782.5760498046875 1784.8526611328125 1786.1251220703125 1786.0206298828125
1666.73681640625 1672.7728271484375 1678.3883056640625 1684.4658203125 1690.4459228515625 1696.095947265625 1700.2431640625 1703.8828125 1705.721435546875 1705.7139892578125 1703.5465087890625 1702.5977783203125 1704.6668701171875 1708.3619384765625 1712.7271728515625 1717.22314453125 1720.4835205078125 1722.5023193359375 1725.074951171875 1727.4554443359375 1729.4449462890625 1730.786865234375 1731.5496826171875 1733.2373046875 1734.5433349609375 1735.2962646484375 1736.2406005859375 1738.4324951171875 1740.0950927734375 1741.2120361328125 1743.3468017578125 1748.1240234375 1752.87060546875 1757.3236083984375 1761.6531982421875 1765.7772216796875 1769.7823486328125 1773.6260986328125 1777.3021240234375 1780.5869140625 1783.517333984375 1785.9791259765625 1787.61474609375 1788.605712890625
1669.9185791015625 1677.0791015625 1682.1961669921875 1687.7149658203125 1693.848876953125 1699.4869384765625 1704.6474609375 1707.816162109375 1711.48291015625 1711.7359619140625 1710.35400390625 1708.130126953125 1706.9088134765625 1707.447998046875 1711.6292724609375 1716.7611083984375 1721.3663330078125 1724.1370849609375 1726.6685791015625 1729.3243408203125 1732.099853515625 1734.2161865234375 1734.2398681640625 1735.2869873046875 1737.7860107421875 1739.1163330078125 1739.498779296875 1741.2623291015625 1743.595458984375 1744.343994140625 1745.0445556640625 1748.4091796875 1753.30908203125 1757.9320068359375 1762.2803955078125 1766.3160400390625 1770.1776123046875 1774.1309814453125 1777.897705078125 1781.3218994140625 1784.3404541015625 1786.909423828125 1788.8525390625 1790.4422607421875
1673.9248046875 1681.5439453125 1686.9412841796875 1692.320556640625 1697.2100830078125 1702.97314453125 1708.90283203125 1712.8782958984375 1716.5592041015625 1717.749267578125 1716.28662109375 1714.1534423828125 1712.39990234375 1712.2060546875 1711.5697021484375 1717.3765869140625 1722.88427734375 1726.5086669921875 1728.8697509765625 1731.149169921875 1733.879150390625 1736.3492431640625 1736.9801025390625 1737.4923095703125 1739.9310302734375 1742.253173828125 1742.89453125 1744.2889404296875 1746.396728515625 1747.6593017578125 1748.0203857421875 1749.4205322265625 1753.474853515625 1758.4365234375 1762.7723388671875 1766.818359375 1770.8544921875 1774.6263427734375 1778.37255859375 1782.030029296875 1785.2296142578125 1787.8958740234375 1790.0875244140625 1792.19287109375
