kickoff/netlogo/complete/Antelope Island.asc
ncols        200
nrows        200
xllcorner    438000.000000000000
yllcorner    4574000.000000000000
cellsize     10.000000000000
[rows 180 to 199 of 200, columns 88 to 131 of 200]
1680.501708984375 1682.9814453125 1687.747802734375 1692.238525390625 1695.925537109375 1703.3455810546875 1708.5386962890625 1714.1732177734375 1716.98046875 1719.756591796875 1722.7662353515625 1728.5379638671875 1730.6502685546875 1729.8519287109375 1730.8563232421875 1734.0013427734375 1737.1551513671875 1740.675048828125 1744.1160888671875 1749.3348388671875 1753.22607421875 1758.4222412109375 1764.4305419921875 1769.84814453125 1776.3551025390625 1778.8997802734375 1784.8319091796875 1793.012451171875 1798.2611083984375 1803.4012451171875 1810.02978515625 1814.8394775390625 1819.960693359375 1825.600830078125 1831.7938232421875 1837.1046142578125 1843.853515625 1849.953369140625 1856.7100830078125 1863.1856689453125 1869.533203125 1875.753173828125 1882.113525390625 1888.756103515625
1674.815673828125 1679.763916015625 1683.4931640625 1687.1258544921875 1691.8731689453125 1695.988525390625 1699.438232421875 1706.0654296875 1710.5982666015625 1714.0513916015625 1716.7005615234375 1725.5272216796875 1725.4222412109375 1723.8009033203125 1725.02001953125 1728.2564697265625 1730.771240234375 1735.0987548828125 1740.0404052734375 1743.996337890625 1748.26416015625 1752.6165771484375 1757.5201416015625 1762.96337890625 1768.468017578125 1774.35791015625 1781.2427978515625 1787.2664794921875 1792.9677734375 1799.3443603515625 1805.3331298828125 1809.7274169921875 1816.0626220703125 1820.924072265625 1826.821044921875 1833.2078857421875 1839.9737548828125 1846.7890625 1853.394775390625 1860.1688232421875 1866.7701416015625 1873.2086181640625 1879.9071044921875 1886.7750244140625
1677.916748046875 1674.5185546875 1678.986328125 1683.3900146484375 1687.28125 1691.23681640625 1695.4774169921875 1701.5623779296875 1705.419189453125 1708.4468994140625 1710.9266357421875 1711.207763671875 1714.8587646484375 1716.9075927734375 1719.1036376953125 1721.773681640625 1725.5020751953125 1730.780029296875 1734.743896484375 1738.2457275390625 1742.74169921875 1747.767822265625 1753.0877685546875 1759.820068359375 1764.6412353515625 1770.113525390625 1776.64306640625 1783.09912109375 1788.9378662109375 1796.89404296875 1800.0546875 1804.286865234375 1809.527587890625 1815.839111328125 1822.3865966796875 1829.62744140625 1836.067626953125 1843.518798828125 1850.01123046875 1857.221435546875 1864.11474609375 1870.9774169921875 1878.2418212890625 1885.3038330078125
1664.9071044921875 1669.0247802734375 1673.9298095703125 1678.18212890625 1682.8021240234375 1686.4219970703125 1689.7215576171875 1694.45458984375 1699.1455078125 1702.721435546875 1705.281005859375 1705.7935791015625 1708.60546875 1710.4764404296875 1712.6044921875 1716.0965576171875 1721.099853515625 1725.2664794921875 1728.5123291015625 1732.7255859375 1737.002685546875 1743.7242431640625 1749.936279296875 1755.74365234375 1760.2623291015625 1766.0152587890625 1771.8394775390625 1777.26416015625 1781.32421875 1787.2191162109375 1793.63330078125 1799.2945556640625 1805.7906494140625 1813.476806640625 1819.457763671875 1825.7664794921875 1833.015625 1840.441162109375 1847.8974609375 1855.0098876953125 1862.300048828125 1869.767822265625 1877.066650390625 1885.2733154296875
1661.2296142578125 1664.24609375 1668.95947265625 1673.3365478515625 1677.8970947265625 1681.4932861328125 1684.7808837890625 1689.0928955078125 1692.1876220703125 1697.435791015625 1697.68896484375 1699.8681640625 1700.8133544921875 1703.41064453125 1706.27978515625 1711.2099609375 1715.616455078125 1718.9810791015625 1722.036376953125 1726.2755126953125 1733.2982177734375 1740.1939697265625 1745.6806640625 1751.5003662109375 1756.1463623046875 1762.5577392578125 1766.5693359375 1770.8809814453125 1776.9755859375 1783.159423828125 1789.2740478515625 1796.331787109375 1803.0325927734375 1809.7236328125 1816.84619140625 1824.2686767578125 1832.080322265625 1839.4765625 1847.2158203125 1854.6827392578125 1862.3116455078125 1869.7156982421875 1878.7503662109375 1886.7694091796875
1655.3394775390625 1659.7943115234375 1664.3438720703125 1668.908447265625 1673.13818359375 1676.54052734375 1679.5994873046875 1682.7957763671875 1685.984130859375 1688.1846923828125 1690.88525390625 1693.44140625 1694.5723876953125 1697.18017578125 1701.1519775390625 1705.730712890625 1709.408935546875 1712.4674072265625 1716.5081787109375 1722.4346923828125 1728.076416015625 1734.62109375 1741.326904296875 1745.744384765625 1750.796142578125 1756.4864501953125 1761.3304443359375 1767.68603515625 1774.0406494140625 1780.6834716796875 1787.5936279296875 1794.05419921875 1801.6632080078125 1810.52099609375 1818.8099365234375 1825.3653564453125 1834.0357666015625 1841.457275390625 1848.89501953125 1856.2098388671875 1863.8736572265625 1871.69482421875 1879.606689453125 1887.5562744140625
1650.31640625 1654.9324951171875 1659.682373046875 1663.9683837890625 1667.5560302734375 1670.8319091796875 1673.6578369140625 1675.681884765625 1678.149169921875 1681.3883056640625 1682.975830078125 1685.066162109375 1687.35107421875 1690.8294677734375 1695.6990966796875 1700.0467529296875 1703.671875 1707.5125732421875 1712.8551025390625 1718.8819580078125 1724.6949462890625 1730.3934326171875 1735.98095703125 1741.8900146484375 1747.4605712890625 1753.82373046875 1760.0887451171875 1766.7452392578125 1774.0286865234375 1781.27392578125 1788.7840576171875 1795.81884765625 1803.2896728515625 1810.743896484375 1819.3248291015625 1828.09619140625 1836.4095458984375 1844.09912109375 1851.2828369140625 1857.83349609375 1865.1513671875 1872.8909912109375 1880.6016845703125 1888.3765869140625
1646.03466796875 1650.882568359375 1654.8502197265625 1657.845947265625 1661.8416748046875 1664.98583984375 1666.5848388671875 1668.280517578125 1670.4556884765625 1674.00341796875 1676.3580322265625 1679.061279296875 1683.3565673828125 1686.4813232421875 1691.6231689453125 1695.4908447265625 1707.109375 1712.896484375 1714.6942138671875 1719.412109375 1724.461181640625 1730.490478515625 1736.1328125 1742.2144775390625 1748.5987548828125 1755.14404296875 1761.36767578125 1768.25927734375 1775.4422607421875 1782.9227294921875 1791.280029296875 1799.1207275390625 1811.926513671875 1818.3359375 1821.93408203125 1830.8260498046875 1838.7081298828125 1846.01171875 1853.1339111328125 1859.63037109375 1866.552490234375 1873.849365234375 1882.8055419921875 1889.16455078125
1639.572998046875 1646.2939453125 1649.5704345703125 1650.4656982421875 1654.2786865234375 1657.013427734375 1658.7877197265625 1661.59716796875 1664.7357177734375 1668.3499755859375 1672.1890869140625 1677.8719482421875 1684.1588134765625 1688.6915283203125 1693.903564453125 1700.4296875 1708.215087890625 1715.8294677734375 1721.1529541015625 1725.9691162109375 1731.220947265625 1735.403076171875 1743.4471435546875 1746.8778076171875 1753.075439453125 1759.4793701171875 1765.83251953125 1771.828125 1777.6912841796875 1785.2249755859375 1793.6156005859375 1801.474365234375 1808.8577880859375 1818.9326171875 1825.9063720703125 1832.948974609375 1841.3486328125 1848.2681884765625 1855.064697265625 1861.91162109375 1868.5887451171875 1874.953857421875 1882.9532470703125 1890.522216796875
1633.068603515625 1636.896240234375 1642.060302734375 1645.0079345703125 1647.5709228515625 1650.638916015625 1654.52880859375 1660.3941650390625 1665.70654296875 1670.2266845703125 1676.29345703125 1689.637451171875 1691.1197509765625 1694.6058349609375 1700.003662109375 1703.6331787109375 1709.6248779296875 1717.16845703125 1725.364990234375 1732.028564453125 1737.1688232421875 1741.990966796875 1752.7730712890625 1755.0242919921875 1763.0615234375 1766.922119140625 1772.546630859375 1778.11279296875 1783.7935791015625 1789.583251953125 1796.2633056640625 1805.2958984375 1812.1231689453125 1820.692626953125 1827.561279296875 1834.817138671875 1843.3590087890625 1850.15185546875 1856.76123046875 1863.7568359375 1869.63232421875 1875.836181640625 1883.50390625 1889.282958984375
1631.7596435546875 1635.093017578125 1639.25537109375 1643.53564453125 1647.5880126953125 1652.641357421875 1658.4093017578125 1664.6849365234375 1671.20556640625 1676.6920166015625 1682.287353515625 1689.335205078125 1695.33056640625 1701.9793701171875 1706.674560546875 1711.2401123046875 1714.8343505859375 1719.5489501953125 1726.5419921875 1734.35693359375 1742.57373046875 1750.91259765625 1760.5809326171875 1762.8328857421875 1767.287353515625 1773.0980224609375 1777.870849609375 1783.658203125 1788.7188720703125 1795.511474609375 1801.28515625 1807.804931640625 1814.297119140625 1822.52099609375 1830.15087890625 1836.56884765625 1844.6768798828125 1851.594970703125 1858.34033203125 1864.5478515625 1870.6427001953125 1876.2056884765625 1880.7767333984375 1885.669677734375
1638.330078125 1642.55029296875 1646.251953125 1650.322998046875 1653.549072265625 1658.3076171875 1661.5975341796875 1667.1461181640625 1672.5714111328125 1678.8974609375 1684.972900390625 1691.0462646484375 1697.6788330078125 1704.4107666015625 1710.6893310546875 1716.1014404296875 1721.60498046875 1726.74658203125 1730.2723388671875 1738.348388671875 1745.600341796875 1752.6165771484375 1764.8885498046875 1769.5518798828125 1773.94970703125 1780.8958740234375 1783.8182373046875 1789.1624755859375 1795.274658203125 1801.9854736328125 1807.061767578125 1813.195556640625 1819.0667724609375 1824.6593017578125 1831.0643310546875 1838.052490234375 1846.078857421875 1852.8232421875 1859.6171875 1864.6187744140625 1868.87548828125 1872.9967041015625 1877.1846923828125 1880.3448486328125
1644.8607177734375 1649.2216796875 1653.5299072265625 1657.46533203125 1661.0189208984375 1666.3447265625 1668.167724609375 1671.83056640625 1678.844482421875 1683.9190673828125 1687.68994140625 1693.3223876953125 1699.0902099609375 1705.6246337890625 1712.0816650390625 1718.846923828125 1724.9049072265625 1731.4111328125 1736.0941162109375 1740.216552734375 1747.8880615234375 1754.6690673828125 1761.822021484375 1768.996337890625 1775.830322265625 1783.7196044921875 1790.5264892578125 1798.02001953125 1805.1292724609375 1810.2652587890625 1814.494384765625 1821.764404296875 1825.2823486328125 1829.4210205078125 1834.3636474609375 1840.9332275390625 1848.3887939453125 1853.909912109375 1858.3028564453125 1861.877685546875 1865.3636474609375 1867.988037109375 1871.5802001953125 1875.24609375
1649.6046142578125 1653.845947265625 1658.6549072265625 1663.4622802734375 1667.4375 1670.94580078125 1674.1221923828125 1677.6334228515625 1682.251708984375 1687.635498046875 1693.0438232421875 1697.705322265625 1702.1395263671875 1707.8936767578125 1714.473876953125 1720.9119873046875 1727.834228515625 1734.3853759765625 1740.8299560546875 1746.3204345703125 1752.5673828125 1758.2821044921875 1764.3165283203125 1771.64794921875 1776.9971923828125 1787.689453125 1793.5137939453125 1800.4334716796875 1815.58349609375 1819.00048828125 1827.5291748046875 1829.7357177734375 1831.7530517578125 1835.2294921875 1838.739013671875 1843.688232421875 1848.4193115234375 1852.2244873046875 1855.05224609375 1857.978759765625 1860.6766357421875 1863.7890625 1866.96826171875 1869.3885498046875
1654.3599853515625 1658.9403076171875 1663.1396484375 1668.2440185546875 1672.542724609375 1676.698486328125 1680.377197265625 1683.808837890625 1688.2408447265625 1691.4091796875 1696.90625 1702.3948974609375 1707.356689453125 1712.5589599609375 1718.8017578125 1724.943115234375 1731.406494140625 1737.3594970703125 1744.610107421875 1750.2872314453125 1756.483154296875 1762.365966796875 1769.1300048828125 1776.955078125 1781.4752197265625 1788.0345458984375 1795.6859130859375 1803.287109375 1810.759521484375 1819.4312744140625 1826.47119140625 1834.138427734375 1838.888916015625 1841.1107177734375 1844.426513671875 1845.1978759765625 1847.15966796875 1848.87158203125 1850.8602294921875 1853.3809814453125 1855.86083984375 1858.54296875 1860.9171142578125 1863.139892578125
1659.3857421875 1664.1656494140625 1668.6358642578125 1676.2591552734375 1678.34033203125 1682.5302734375 1686.802490234375 1689.9033203125 1694.41943359375 1698.5052490234375 1700.7135009765625 1706.360107421875 1712.4464111328125 1717.917236328125 1722.7764892578125 1728.482177734375 1734.5592041015625 1740.7506103515625 1747.1668701171875 1753.615966796875 1760.3536376953125 1766.3558349609375 1775.22607421875 1782.115478515625 1787.5582275390625 1793.7132568359375 1801.4732666015625 1807.953857421875 1814.1663818359375 1820.853515625 1827.7783203125 1834.5552978515625 1840.6748046875 1844.4697265625 1845.038818359375 1843.5025634765625 1843.8056640625 1844.8499755859375 1846.0079345703125 1848.1895751953125 1850.3388671875 1852.3970947265625 1854.6619873046875 1856.405517578125
1664.1370849609375 1669.1229248046875 1674.5595703125 1680.616455078125 1685.000244140625 1688.69677734375 1692.6094970703125 1696.4027099609375 1700.287353515625 1704.1719970703125 1706.603515625 1711.0240478515625 1715.611328125 1722.567138671875 1727.749267578125 1732.984619140625 1738.406494140625 1744.664306640625 1750.9710693359375 1756.9176025390625 1763.415283203125 1769.7403564453125 1776.6708984375 1784.2635498046875 1791.4727783203125 1798.4537353515625 1804.59814453125 1812.6260986328125 1819.5765380859375 1824.4969482421875 1830.2664794921875 1839.1431884765625 1839.98291015625 1839.2745361328125 1839.600341796875 1839.3306884765625 1839.4180908203125 1840.0257568359375 1841.0631103515625 1842.5565185546875 1844.433349609375 1846.283935546875 1848.0478515625 1849.5350341796875
1667.930419921875 1673.4761962890625 1678.6331787109375 1684.57470703125 1691.1678466796875 1697.892578125 1700.534423828125 1702.3116455078125 1705.541015625 1710.03662109375 1713.460205078125 1716.5712890625 1721.055419921875 1727.1929931640625 1732.47412109375 1737.5623779296875 1742.40478515625 1747.881591796875 1756.123779296875 1760.833740234375 1766.7540283203125 1773.140380859375 1780.1298828125 1786.1680908203125 1794.6400146484375 1801.3719482421875 1808.285400390625 1815.934326171875 1822.565673828125 1829.905029296875 1832.2022705078125 1833.062744140625 1834.094970703125 1833.558349609375 1833.566650390625 1833.926025390625 1834.8841552734375 1835.106689453125 1835.7227783203125 1837.0728759765625 1838.571533203125 1839.9942626953125 1841.2894287109375 1842.732177734375
1670.300537109375 1676.7288818359375 1682.700927734375 1688.740234375 1696.34765625 1702.6025390625 1706.8638916015625 1709.5987548828125 1714.5867919921875 1717.014404296875 1719.9093017578125 1724.098876953125 1728.00439453125 1732.826904296875 1737.677978515625 1742.3564453125 1747.484619140625 1753.7044677734375 1759.7293701171875 1765.8035888671875 1770.887451171875 1776.55419921875 1783.022705078125 1789.142578125 1796.123046875 1804.138671875 1810.302734375 1817.216552734375 1823.8582763671875 1826.0540771484375 1826.734130859375 1827.5452880859375 1828.7484130859375 1827.591064453125 1827.4476318359375 1828.6500244140625 1829.1160888671875 1829.74560546875 1829.93798828125 1830.8040771484375 1832.4200439453125 1833.6734619140625 1834.4893798828125 1836.0201416015625
1671.8909912109375 1678.3546142578125 1684.730712890625 1691.3011474609375 1698.327880859375 1704.1910400390625 1712.8795166015625 1716.52294921875 1723.328857421875 1725.1602783203125 1727.29345703125 1731.413818359375 1735.3878173828125 1738.7408447265625 1743.1807861328125 1747.425537109375 1752.7935791015625 1758.0177001953125 1763.81103515625 1769.982177734375 1776.0234375 1780.855712890625 1787.8350830078125 1794.13916015625 1801.076171875 1807.8326416015625 1814.6246337890625 1818.8897705078125 1820.613525390625 1820.0955810546875 1820.6746826171875 1821.6173095703125 1820.9686279296875 1821.5997314453125 1821.7813720703125 1822.3314208984375 1823.447509765625 1823.61474609375 1823.8170166015625 1824.6512451171875 1826.255126953125 1827.3551025390625 1827.7872314453125 1828.5225830078125
